"pr_major","pr_obama_given_major","pr_obama","pr_mccain","pr_other","predictions"
0.944499277931957,0.710218453936039,0.67080081691654,0.273698461015417,0.0555007220680429,"Obama"
0.980185071783231,0.976701624933832,0.957348352346566,0.0228367194366648,0.0198149282167688,"Obama"
0.996098641260029,0.905291943797104,0.901760075159946,0.0943385661000828,0.00390135873997122,"Obama"
0.99272550690686,0.0304595747118237,0.0302379967459626,0.962487510160897,0.00727449309314021,NA
0.977255935189662,0.212395302328203,0.207564569806639,0.769691365383023,0.0227440648103376,NA
0.994814630979181,0.880610418658326,0.876044128674005,0.118770502305176,0.00518536902081901,"Obama"
0.973044217763639,0.630820940339547,0.613816668441618,0.359227549322021,0.0269557822363605,"Obama"
0.984415092389406,0.682692655089075,0.67205295313308,0.312362139256325,0.0155849076105944,"Obama"
0.992337993019497,0.973732567718584,0.966271821987581,0.0260661710319157,0.0076620069805029,"Obama"
0.993968656923406,0.96507877358591,0.959258052406474,0.0347106045169317,0.00603134307659403,"Obama"
0.992629373237559,0.455831598104647,0.452471833528491,0.540157539709068,0.00737062676244093,NA
0.995191316726584,0.928624950799621,0.924159487531435,0.0710318291951494,0.00480868327341599,"Obama"
0.985420359274224,0.960411464769202,0.946409010663951,0.0390113486102728,0.0145796407257762,"Obama"
0.958261936947212,0.715866790918495,0.685987897661742,0.272274039285471,0.0417380630527878,"Obama"
0.943736050804024,0.260319332055652,0.245672738382142,0.698063312421882,0.0562639491959757,NA
0.991000486542715,0.98040818006211,0.971584983452009,0.0194155030907059,0.00899951345728489,"Obama"
0.994702725642211,0.969192870628691,0.964058790087358,0.0306439355548535,0.00529727435778882,"Obama"
0.945424840066882,0.738547952237938,0.698241579626276,0.247183260440606,0.054575159933118,"Obama"
0.992569768257063,0.937186350724725,0.930222838952522,0.0623469293045403,0.00743023174293744,"Obama"
0.991107995051731,0.966168400223825,0.957577226028174,0.0335307690235575,0.00889200494826892,"Obama"
0.98929855483712,0.0137401991603925,0.0135931591725505,0.975705395664569,0.01070144516288,NA
0.992013821699309,0.859399344038698,0.852536027645708,0.139477794053601,0.00798617830069104,"Obama"
0.993540057652765,0.979037733111225,0.972713205799558,0.0208268518532065,0.00645994234723535,"Obama"
0.966063502272443,0.59970754061923,0.579355567029807,0.386707935242636,0.0339364977275572,"Obama"
0.99999999838732,0.0602299699680707,0.060229969870939,0.939770028516381,1.61267987852654e-09,NA
0.995921254625432,0.849610212688552,0.846144868963363,0.149776385662069,0.00407874537456809,"Obama"
0.985512694804186,0.824022691565659,0.812084823344671,0.173427871459515,0.0144873051958141,"Obama"
0.995398340919142,0.998537641471978,0.99394271166652,0.0014556292526224,0.00460165908085752,"Obama"
0.949527882522793,0.656922758691909,0.62376647604176,0.325761406481033,0.0504721174772073,"Obama"
0.995922699594955,0.0207811103384243,0.0206963795088242,0.975226320086131,0.00407730040504506,NA
0.991072778481202,0.989900331271738,0.981063271732943,0.0100095067482585,0.00892722151879799,"Obama"
0.996436166280303,0.116794631472306,0.116378394826385,0.880057771453918,0.00356383371969693,NA
0.98363795141664,0.975871031703145,0.959903782471325,0.0237341689453151,0.01636204858336,"Obama"
0.982184543891781,0.976098066905196,0.95870843463693,0.0234761092548515,0.0178154561082187,"Obama"
0.973391646472735,0.624253873683852,0.607643505922107,0.365748140550627,0.0266083535272654,"Obama"
0.992687259066074,0.936528192146286,0.929679604099803,0.0630076549662719,0.00731274093392553,"Obama"
0.90447381185247,0.942241977154185,0.852233192764054,0.0522406190884159,0.0955261881475298,"Obama"
0.98630942987018,0.0800213340540609,0.078925796368312,0.907383633501868,0.0136905701298203,NA
0.989380275199515,0.947011111044057,0.936954113661768,0.0524261615377471,0.0106197248004855,"Obama"
0.993542768637299,0.0443515929713976,0.044065204474277,0.949477564163022,0.00645723136270115,NA
0.997048296892054,0.0338768383975353,0.0337768440283499,0.963271452863704,0.00295170310794601,NA
0.999999998473549,0.731490404761698,0.731490403645114,0.268509594828435,1.52645085460534e-09,"Obama"
0.989755607657332,0.973175629389584,0.963206036423794,0.0265495712335381,0.0102443923426682,"Obama"
0.871080270453283,0.388630941221824,0.33852874538602,0.532551525067262,0.128919729546717,NA
0.98863378292537,0.9852582231523,0.974059564313387,0.014574218611983,0.01136621707463,"Obama"
0.969192320003211,0.465567920182211,0.451224852680467,0.517967467322744,0.0308076799967895,NA
0.993252623598937,0.0536502797768061,0.0532882811451297,0.939964342453807,0.00674737640106338,NA
0.999316681473006,0.134362366881595,0.134270554586974,0.865046126886031,0.000683318526994214,NA
0.989440065361057,0.824452355948084,0.815746192956349,0.173693872404708,0.0105599346389431,"Obama"
0.996415136452986,0.0458009116259775,0.0456367216074695,0.950778414845517,0.00358486354701404,NA
0.972007998513309,0.547951760879372,0.532613494374202,0.439394504139107,0.0279920014866911,"Obama"
0.987357677091682,0.0619919234446668,0.0612082015307716,0.926149475560911,0.0126423229083177,NA
0.980514297759144,0.994662957301498,0.975281251085512,0.00523304667363214,0.0194857022408557,"Obama"
0.994342163064709,0.861466949022501,0.856592909499789,0.13774925356492,0.00565783693529098,"Obama"
0.996833895081028,0.036388485600638,0.0362732758373838,0.960560619243644,0.0031661049189724,NA
0.991003119857094,0.080965202649337,0.0802367684253548,0.91076635143174,0.00899688014290556,NA
0.999048974470695,0.850597460019542,0.849788520119901,0.149260454350794,0.000951025529305372,"Obama"
0.998071210865752,0.0611217557444714,0.0610038647661253,0.937067346099627,0.00192878913424788,NA
0.992011987345511,0.194472594644304,0.192919145097334,0.799092842248177,0.0079880126544889,NA
0.995433857275171,0.899517826103515,0.895410499325999,0.100023357949172,0.00456614272482903,"Obama"
0.994431807188443,0.0414222445639617,0.0411915975195421,0.953240209668901,0.0055681928115574,NA
0.985753757722477,0.0640500643344263,0.0631375916000271,0.92261616612245,0.0142462422775231,NA
0.99293042261538,0.0565973271823937,0.0561972079981151,0.936733214617265,0.00706957738461989,NA
0.995288521946582,0.924328715401546,0.919973760944788,0.0753147610017939,0.00471147805341821,"Obama"
0.990358432241394,0.0624297013844331,0.0618277811883856,0.928530651053009,0.00964156775860558,NA
0.994077465926397,0.969623408915537,0.963880781237672,0.0301966846887256,0.00592253407360255,"Obama"
0.937782817416277,0.734415910324646,0.688722621539586,0.249060195876691,0.0622171825837227,"Obama"
0.985600553030033,0.0637248898181354,0.0628072866465322,0.922793266383501,0.0143994469699671,NA
0.975484144101781,0.514035397063481,0.501433379342489,0.474050764759292,0.0245158558982188,"Obama"
0.997965124901033,0.0247547387728296,0.0247043659713194,0.973260758929714,0.00203487509896705,NA
0.991872288010111,0.0407151053492758,0.0403841846993589,0.951488103310752,0.00812771198988937,NA
0.99284213896856,0.503939029271537,0.500331903731693,0.492510235236867,0.00715786103144012,"Obama"
0.99482877299363,0.0713537547797465,0.0709847683160236,0.923844004677606,0.0051712270063704,NA
0.999999992658542,0.30388725028007,0.303887248049094,0.696112744609447,7.34145844116796e-09,NA
0.927713311966513,0.186936808420646,0.173423765668368,0.754289546298146,0.0722866880334867,NA
0.993194665712898,0.221364127723484,0.219857670835153,0.773336994877745,0.00680533428710239,NA
0.960716770761545,0.257881717123806,0.247751290513625,0.71296548024792,0.0392832292384554,NA
0.98856205669025,0.853527721787866,0.843765120092756,0.144796936597494,0.01143794330975,"Obama"
0.994342163064709,0.861466949022501,0.856592909499789,0.13774925356492,0.00565783693529098,"Obama"
0.994466790955494,0.871286666901707,0.866465655636049,0.128001135319445,0.00553320904450616,"Obama"
0.986594766421647,0.43247168560215,0.426674301640629,0.559920464781018,0.0134052335783531,NA
0.98457222051766,0.895000641519824,0.881192768985903,0.103379451531757,0.01542777948234,"Obama"
0.98006079297455,0.0635994217305563,0.0623312996939719,0.917729493280578,0.0199392070254503,NA
0.967309340790788,0.553321220704251,0.535232785244983,0.432076555545805,0.032690659209212,"Obama"
0.974189509445705,0.0664754633872174,0.0647596990673693,0.909429810378336,0.0258104905542945,NA
0.994536980432834,0.967976588919369,0.962688513873543,0.0318484665592906,0.00546301956716611,"Obama"
0.999999996236725,0.0195319130968386,0.0195319130233346,0.98046808321339,3.76327546902644e-09,NA
0.992280531225116,0.947626681103014,0.940311506527992,0.0519690246971237,0.00771946877488427,"Obama"
0.995579883830885,0.881451143507192,0.877555027055491,0.118024856775394,0.00442011616911486,"Obama"
0.990249640573353,0.0862255091722211,0.0853847794660463,0.904864861107307,0.00975035942664704,NA
0.992077435487519,0.0948989651301353,0.0941471219567241,0.897930313530795,0.00792256451248108,NA
0.967486253252957,0.393220679305084,0.380435601722458,0.587050651530499,0.0325137467470432,NA
0.931698783067072,0.582886899493292,0.543075014923639,0.388623768143433,0.0683012169329277,"Obama"
0.990537165320597,0.0523263803483905,0.0518312244617821,0.938705940858815,0.00946283467940312,NA
0.984696811270899,0.998364728305565,0.983086564447827,0.00161024682307149,0.0153031887291013,"Obama"
0.999079976384063,0.983879553471304,0.982974361046873,0.01610561533719,0.000920023615937127,"Obama"
0.988290557086045,0.886978620532246,0.876592595009225,0.11169796207682,0.0117094429139546,"Obama"
0.991959752779832,0.967887354986662,0.960105301371294,0.0318544514085375,0.00804024722016849,"Obama"
0.954038673313509,0.582651616294212,0.555872175013301,0.398166498300207,0.0459613266864911,"Obama"
0.99754087299228,0.798003344279437,0.796040952703268,0.201499920289012,0.00245912700771966,"Obama"
0.928883061020858,0.223038689510137,0.207176860638257,0.721706200382601,0.0711169389791421,NA
0.990445738384715,0.0434264052745513,0.0430114980375468,0.947434240347168,0.00955426161528472,NA
0.988124622670285,0.637052934416342,0.629487690441145,0.358636932229139,0.0118753773297153,"Obama"
0.999999996647537,0.550213620341992,0.550213618497421,0.449786378150116,3.35246275184886e-09,"Obama"
0.992923945740823,0.0534055330859391,0.0530276326360827,0.939896313104741,0.00707605425917657,NA
0.989946636457354,0.0673952491329785,0.0667177001923975,0.923228936264956,0.0100533635426463,NA
0.993824167903727,0.0446023655142736,0.0443269087937608,0.949497259109966,0.00617583209627304,NA
0.992927972015249,0.161703844868039,0.16056027075189,0.832367701263358,0.00707202798475148,NA
0.830120483242588,0.951107810745833,0.789534075472131,0.0405864077704569,0.169879516757412,"Obama"
0.997120989125525,0.169247979628082,0.16876071285425,0.828360276271276,0.00287901087447451,NA
0.992176076197864,0.983364659878347,0.975670889709746,0.0165051864881181,0.00782392380213615,"Obama"
0.996677453851143,0.0994211776924474,0.0990908462413905,0.897586607609752,0.0033225461488573,NA
0.992280543710326,0.0454055588020464,0.0450550525755658,0.94722549113476,0.00771945628967385,NA
0.975421750966708,0.988706099102234,0.964405434377764,0.0110163165889438,0.024578249033292,"Obama"
0.992072480878584,0.0147863766222546,0.0146691573388452,0.977403323539739,0.0079275191214162,NA
0.977736972713299,0.918378564678132,0.897932677633182,0.0798042950801171,0.0222630272867013,"Obama"
0.993554770363789,0.132009200091859,0.131158370483174,0.862396399880615,0.00644522963621108,NA
0.99404228474168,0.847301455238572,0.842253474430301,0.151788810311379,0.00595771525832001,"Obama"
0.990522890857017,0.0194555637027811,0.0192711812021315,0.971251709654886,0.00947710914298261,NA
0.992866784785768,0.0389188570079329,0.0386412404250034,0.954225544360765,0.00713321521423205,NA
0.942737327032774,0.225872820912969,0.212938739436845,0.729798587595929,0.057262672967226,NA
0.990048355339858,0.164788996666782,0.163149075128053,0.826899280211805,0.00995164466014209,NA
0.936846074127742,0.314975979306051,0.295084009657415,0.641762064470327,0.0631539258722584,NA
0.987246676795357,0.0166319224912885,0.0164198102082425,0.970826866587114,0.0127533232046433,NA
0.994098463556516,0.915063440271729,0.909663160030865,0.0844353035256508,0.00590153644348379,"Obama"
0.993440703004052,0.0352057032932377,0.0349747786293861,0.958465924374666,0.00655929699594826,NA
0.987058396228464,0.0569535258458376,0.0562164558809489,0.930841940347515,0.0129416037715361,NA
0.957871963337383,0.267721913119977,0.256443314548672,0.701428648788711,0.0421280366626168,NA
0.9839533836377,0.0563991309308339,0.0554941157136197,0.928459267924081,0.0160466163622996,NA
0.944400753606447,0.342220764188863,0.323193547599736,0.621207206006711,0.0555992463935526,NA
0.992821227553361,0.96846946851137,0.961517046575409,0.0313041809779519,0.00717877244663934,"Obama"
0.993151253320524,0.166005354703603,0.164868426081801,0.828282827238722,0.0068487466794761,NA
0.989042489392791,0.0282822000683101,0.0279722975610664,0.961070191831724,0.0109575106072092,NA
0.942443853678763,0.44385782560857,0.418311079652018,0.524132774026746,0.0575561463212368,NA
0.999999992582027,0.261874610831869,0.261874608889291,0.738125383692736,7.41797301362368e-09,NA
0.987473265918349,0.0632172220255652,0.0624253166958703,0.925047949222479,0.0125267340816507,NA
0.992407171909969,0.0472931152190973,0.0469340267253966,0.945473145184572,0.00759282809003137,NA
0.989219393474734,0.77905927002847,0.770660538578432,0.218558854896302,0.0107806065252664,"Obama"
0.996104497842364,0.997685460396356,0.99379897453274,0.00230552330962366,0.00389550215763601,"Obama"
0.992630291176547,0.183937826423648,0.182582258201287,0.810048032975261,0.00736970882345278,NA
0.999999998201555,0.0770448101043854,0.0770448099658245,0.92295518823573,1.79844539260898e-09,NA
0.994467565597672,0.992446671522177,0.986956025414172,0.00751154018350063,0.00553243440232776,"Obama"
0.992186801086743,0.0477101980570108,0.0473374287894005,0.944849372297343,0.0078131989132566,NA
0.961337818019274,0.544318061040214,0.523273537108882,0.438064280910392,0.038662181980726,"Obama"
0.979698782550765,0.684139893228331,0.670251020490206,0.309447762060559,0.0203012174492345,"Obama"
0.991595939304106,0.906801603262234,0.899180787549285,0.0924151517548215,0.00840406069589372,"Obama"
0.961792970726187,0.681524697879447,0.65548566379674,0.306307306929447,0.0382070292738129,"Obama"
0.98934242905177,0.821409910047578,0.812655675653666,0.176686753398103,0.0106575709482302,"Obama"
0.996430693626991,0.141351094783369,0.140846569419927,0.855584124207064,0.00356930637300934,NA
0.975481704704086,0.744860382718909,0.726597675901179,0.248884028802907,0.0245182952959135,"Obama"
0.990443480744827,0.857921352307371,0.849722610384621,0.140720870360206,0.00955651925517254,"Obama"
0.996085384498486,0.0778517594853945,0.0775469997808928,0.918538384717593,0.00391461550151428,NA
0.997317958770937,0.218513737010972,0.217927674159191,0.779390284611745,0.00268204122906346,NA
0.952170906550083,0.890368657591015,0.847783131862217,0.104387774687866,0.0478290934499169,"Obama"
0.932674332170617,0.028460162083872,0.0265440626650428,0.906130269505574,0.0673256678293829,NA
0.994290574010632,0.0337036702323994,0.0335112416216374,0.960779332388995,0.00570942598936752,NA
0.982335273160024,0.979382793746823,0.962082264223513,0.0202530089365113,0.0176647268399759,"Obama"
0.974538654343978,0.664522869377974,0.64760322290441,0.326935431439568,0.0254613456560222,"Obama"
0.995337079447821,0.968033055812234,0.963519194581098,0.031817884866723,0.00466292055217887,"Obama"
0.989753472453114,0.0318325602295595,0.0315063870242794,0.958247085428835,0.010246527546886,NA
0.997617052725171,0.157327285988629,0.156952383361226,0.840664669363945,0.00238294727482879,NA
0.987246254116883,0.938475111804967,0.926506038711376,0.0607402154055066,0.0127537458831172,"Obama"
0.989551619922257,0.893788567800748,0.884449925135224,0.105101694787033,0.010448380077743,"Obama"
0.99270321726798,0.238137612166206,0.236399973749907,0.756303243518073,0.00729678273202006,NA
0.993350618927106,0.996841828651803,0.990213447463698,0.00313717146340886,0.00664938107289359,"Obama"
0.987357677091682,0.0619919234446668,0.0612082015307716,0.926149475560911,0.0126423229083177,NA
0.99284213896856,0.503939029271537,0.500331903731693,0.492510235236867,0.00715786103144012,"Obama"
0.997412152802459,0.0329270287370574,0.0328418186180169,0.964570334184442,0.00258784719754102,NA
0.976832681957222,0.150837222330019,0.14734272842761,0.829489953529612,0.0231673180427784,NA
0.995005946954598,0.164440819020022,0.163619592847007,0.831386354107591,0.00499405304540235,NA
0.994142003694845,0.991334212681718,0.985526980526655,0.00861502316818985,0.00585799630515538,"Obama"
0.999999994649902,0.582192636367875,0.582192633253087,0.417807361396815,5.35009769819794e-09,"Obama"
0.994943537589659,0.953838805120786,0.949015755057168,0.0459277825324909,0.00505646241034075,"Obama"
0.979062231033089,0.554687297636606,0.543073383149811,0.435988847883278,0.0209377689669112,"Obama"
0.991800324071006,0.907373599140635,0.899933429681157,0.0918668943898488,0.00819967592899395,"Obama"
0.989742751472381,0.791795336772032,0.783673695219752,0.206069056252629,0.0102572485276187,"Obama"
0.991950161896022,0.951542950244115,0.943883183545668,0.0480669783503541,0.00804983810397752,"Obama"
0.999008202071882,0.176562355365414,0.176387241187179,0.822620960884703,0.000991797928117766,NA
0.987837262423266,0.978624552416552,0.96672179879936,0.0211154636239054,0.0121627375767343,"Obama"
0.972031095036157,0.932962485208799,0.906868546125164,0.0651625489109933,0.0279689049638427,"Obama"
0.991615771124699,0.970336036359054,0.962200516944268,0.0294152541804316,0.00838422887530055,"Obama"
0.985507938977577,0.981417016820279,0.967194261524075,0.0183136774535014,0.0144920610224232,"Obama"
0.999106702011266,0.986669846250563,0.985788456061363,0.0133182459499028,0.000893297988733721,"Obama"
0.961815310890683,0.296480143085567,0.285159140994759,0.676656169895924,0.0381846891093174,NA
0.99999999762195,0.922810299235359,0.92281029704087,0.0771897005810799,2.37805042324624e-09,"Obama"
0.991762326935824,0.0178278537928299,0.0176809937618486,0.974081333173975,0.00823767306417622,NA
0.949502583255833,0.470210319495867,0.446465913034876,0.503036670220957,0.050497416744167,NA
0.975560110877237,0.589679365585738,0.575267667272841,0.400292443604395,0.0244398891227633,"Obama"
0.994805627752491,0.968744791188852,0.963712770130582,0.0310928576219092,0.00519437224750907,"Obama"
0.980395710640235,0.913644612358876,0.895733259006202,0.0846624516340328,0.0196042893597651,"Obama"
0.998968154083994,0.951940479812798,0.950958223916422,0.0480099301675719,0.00103184591600569,"Obama"
0.957067441619999,0.643281298278646,0.615663586385535,0.341403855234464,0.0429325583800009,"Obama"
0.986489291074557,0.0748352689879031,0.0738241914512503,0.912665099623307,0.0135107089254427,NA
0.996539497985403,0.801955481184148,0.799180312625893,0.19735918535951,0.0034605020145968,"Obama"
0.994317554737147,0.644528210349685,0.640865714074008,0.353451840663139,0.00568244526285289,"Obama"
0.98000157962589,0.369308876035771,0.361923281884917,0.618078297740972,0.0199984203741105,NA
0.992481233479574,0.068762625100072,0.068245614976613,0.924235618502961,0.00751876652042627,NA
0.934719292335095,0.277450438376054,0.259338277416927,0.675381014918168,0.0652807076649046,NA
0.99053874966876,0.0632571077026333,0.0626586163714285,0.927880133297331,0.00946125033124001,NA
0.98858014958917,0.869809775161844,0.859876677643618,0.128703471945552,0.0114198504108302,"Obama"
0.993395147578856,0.0604721676303814,0.060072757887596,0.93332238969126,0.00660485242114384,NA
0.995494076656955,0.959549137387247,0.955225482530295,0.0402685941266602,0.00450592334304523,"Obama"
0.991693431217945,0.0309886779959869,0.0307312684107482,0.960962162807197,0.00830656878205471,NA
0.992616540617695,0.0456620059292495,0.0453248623631564,0.947291678254538,0.00738345938230522,NA
0.993256464125829,0.162359773800629,0.161264894841482,0.831991569284347,0.00674353587417065,NA
0.987874220276407,0.0573999793183566,0.0567039598130034,0.931170260463403,0.0121257797235932,NA
0.985227948171412,0.976613578029128,0.962186991637978,0.0230409565334333,0.0147720518285884,"Obama"
0.991686055320988,0.043181367186851,0.0428223596888954,0.948863695632092,0.00831394467901225,NA
0.957598562360403,0.453310682920471,0.434089658267255,0.523508904093148,0.0424014376395968,NA
0.997030213110515,0.275567942212788,0.274749564150842,0.722280648959673,0.00296978688948468,NA
0.98118264405531,0.011501832378481,0.011285398304599,0.969897245750711,0.0188173559446905,NA
0.992451440462325,0.896195321055089,0.88943033731672,0.103021103145606,0.00754855953767453,"Obama"
0.992481233479574,0.068762625100072,0.068245614976613,0.924235618502961,0.00751876652042627,NA
0.997048296892054,0.0338768383975353,0.0337768440283499,0.963271452863704,0.00295170310794601,NA
0.966910524624701,0.584484448469637,0.565144164704756,0.401766359919945,0.0330894753752994,"Obama"
0.986361534249979,0.42082878569637,0.415089326716027,0.571272207533952,0.0136384657500209,NA
0.98858014958917,0.869809775161844,0.859876677643618,0.128703471945552,0.0114198504108302,"Obama"
0.996173200344081,0.997633105327825,0.993815363303624,0.00235783704045781,0.00382679965591859,"Obama"
0.987047479879769,0.953816667949429,0.941462338366802,0.0455851415129665,0.0129525201202311,"Obama"
0.99205794352954,0.975906020485498,0.96815531976094,0.0239026237685997,0.00794205647046009,"Obama"
0.98844241835061,0.06967728991125,0.0688719889439926,0.919570429406618,0.0115575816493897,NA
0.939883513788705,0.218806567747284,0.205652685734363,0.734230828054342,0.060116486211295,NA
0.977375938697395,0.800653445890628,0.782539413248657,0.194836525448738,0.0226240613026049,"Obama"
0.999106702011266,0.986669846250563,0.985788456061363,0.0133182459499028,0.000893297988733721,"Obama"
0.994416803448743,0.99483783878692,0.989283463596344,0.00513333985239854,0.00558319655125739,"Obama"
0.991272465634652,0.0345295997679413,0.0342282414993449,0.957044224135307,0.00872753436534768,NA
0.993589808047939,0.907534164751774,0.901716696552661,0.0918731114952777,0.00641019195206149,"Obama"
0.999999993291743,0.715275529889818,0.715275525091567,0.284724468200177,6.70825661686081e-09,"Obama"
0.996729328688594,0.163362714267318,0.16282840852441,0.833900920164184,0.00327067131140624,NA
0.995462639594274,0.180876361576344,0.180055660334996,0.815406979259278,0.00453736040572628,NA
0.999999991626162,0.307731013815028,0.307731011238138,0.692268980388024,8.37383784535461e-09,NA
0.988545170622743,0.0692681096049574,0.0684746552281474,0.920070515394596,0.0114548293772569,NA
0.939452552688096,0.209014292398183,0.196359010541769,0.743093542146327,0.0605474473119043,NA
0.99053874966876,0.0632571077026333,0.0626586163714285,0.927880133297331,0.00946125033124001,NA
0.989380275199515,0.947011111044057,0.936954113661768,0.0524261615377471,0.0106197248004855,"Obama"
0.992929728313969,0.896963253389952,0.890621479496098,0.10230824881787,0.00707027168603125,"Obama"
0.975569470800467,0.404090978849084,0.394218822391043,0.581350648409423,0.0244305291995334,NA
0.966653745848034,0.118802283032286,0.114840671908458,0.851813073939576,0.0333462541519656,NA
0.994416021738843,0.908497247120741,0.903424218242498,0.0909918034963454,0.00558397826115697,"Obama"
0.9999999990079,0.0853982584027444,0.0853982583180207,0.914601740689879,9.92100179786348e-10,NA
0.987982497475943,0.968561608708707,0.956921917131345,0.0310605803445978,0.0120175025240573,"Obama"
0.935737275956587,0.906627873357987,0.848365496522316,0.0873717794342709,0.064262724043413,"Obama"
0.994489552674553,0.906134593858487,0.901141386909264,0.0933481657652886,0.00551044732544725,"Obama"
0.981697694606818,0.967809066142636,0.950095929051804,0.0316017655550146,0.0183023053931817,"Obama"
0.999999998528498,0.0471402762215911,0.0471402761522241,0.952859722376274,1.47150169826915e-09,NA
0.999999997688954,0.974571312082929,0.97457130983065,0.025428687858304,2.31104635428636e-09,"Obama"
0.99999999885707,0.941078090447325,0.941078089371739,0.058921909485331,1.1429295287968e-09,"Obama"
0.994860175178709,0.985955826078831,0.980888185851255,0.0139719893274542,0.00513982482129116,"Obama"
0.989865086267203,0.977934355499001,0.968023075169681,0.0218420110975225,0.0101349137327967,"Obama"
0.976951672898338,0.964105906891414,0.941884878588737,0.0350667943096015,0.0230483271016617,"Obama"
0.987282339602062,0.183450890040293,0.181117823921061,0.806164515681,0.0127176603979381,NA
0.999999997505075,0.994141427392714,0.994141424912406,0.00585857259266958,2.49492493331616e-09,"Obama"
0.996089155643087,0.976130551291222,0.972313056633093,0.0237760990099931,0.00391084435691347,"Obama"
0.97174044011534,0.775790730703969,0.753867226091677,0.217873214023664,0.0282595598846598,"Obama"
0.996537565250529,0.985423995344947,0.982012029060502,0.0145255361900272,0.00346243474947117,"Obama"
0.964336412739238,0.497165665251915,0.479434954166148,0.48490145857309,0.0356635872607621,NA
0.986203959243708,0.12077406747372,0.11910786351655,0.867096095727158,0.0137960407562924,NA
0.959866322882918,0.626097405043685,0.600969813945819,0.358896508937099,0.0401336771170818,"Obama"
0.978692905980779,0.560218360298158,0.548281735023992,0.430411170956788,0.0213070940192207,"Obama"
0.939452552688096,0.209014292398183,0.196359010541769,0.743093542146327,0.0605474473119043,NA
0.979978239729007,0.853644985973668,0.836553510707968,0.143424729021039,0.0200217602709931,"Obama"
0.992011987345511,0.194472594644304,0.192919145097334,0.799092842248177,0.0079880126544889,NA
0.967976021338165,0.860250782852035,0.832702130138154,0.13527389120001,0.0320239786618355,"Obama"
0.897401644446443,0.248783350175314,0.223258587558222,0.674143056888221,0.102598355553557,NA
0.99419753293989,0.511800803464912,0.508831096161469,0.485366436778421,0.00580246706010967,"Obama"
0.991595939304106,0.906801603262234,0.899180787549285,0.0924151517548215,0.00840406069589372,"Obama"
0.975226100287148,0.0816592587365957,0.0796362404500294,0.895589859837118,0.0247738997128525,NA
0.987250446864626,0.574908482025006,0.567578655785451,0.419671791079175,0.0127495531353738,"Obama"
0.98869652292315,0.716279688015634,0.708183236981536,0.280513285941614,0.0113034770768499,"Obama"
0.957067441619999,0.643281298278646,0.615663586385535,0.341403855234464,0.0429325583800009,"Obama"
0.989680723681397,0.0538653754604212,0.0533095237670398,0.936371199914357,0.0103192763186033,NA
0.989680723681397,0.0538653754604212,0.0533095237670398,0.936371199914357,0.0103192763186033,NA
0.975442260146353,0.50632423250912,0.493890053725564,0.481552206420789,0.0245577398536472,"Obama"
0.995552793569914,0.913978189888396,0.909913540205366,0.0856392533645478,0.00444720643008611,"Obama"
0.964941049557157,0.0631369695931446,0.0609234537050673,0.90401759585209,0.0350589504428427,NA
0.991346740875048,0.0257186581683091,0.0254961079548326,0.965850632920215,0.00865325912495229,NA
0.989735704291792,0.980097612660822,0.970037600941562,0.0196981033502295,0.0102642957082081,"Obama"
0.99315709128609,0.0865149571641209,0.0859229432098589,0.907234148076231,0.00684290871391047,NA
0.997660033430406,0.0834449551947586,0.0832496967892016,0.914410336641205,0.00233996656959357,NA
0.997719324495684,0.977219267275799,0.974990547230578,0.0227287772651061,0.00228067550431554,"Obama"
0.993770249298018,0.995241390913586,0.989041285159901,0.00472896413811725,0.00622975070198162,"Obama"
0.977736972713299,0.918378564678132,0.897932677633182,0.0798042950801171,0.0222630272867013,"Obama"
0.977586386097484,0.882204064502399,0.862430683217412,0.115155702880072,0.0224136139025163,"Obama"
0.984883562039355,0.798972054566326,0.786894443071185,0.197989118968169,0.0151164379606454,"Obama"
0.999999998471382,0.958253628717553,0.958253627252749,0.0417463712186328,1.52861845403862e-09,"Obama"
0.993717362374577,0.908607207185364,0.902898757358771,0.0908186050158064,0.00628263762542292,"Obama"
0.998706633042988,0.997099407371753,0.995809791945402,0.00289684109758581,0.00129336695701188,"Obama"
0.965643548472078,0.663511471398275,0.64071557169296,0.324927976779118,0.0343564515279215,"Obama"
0.985938097977694,0.98111170841514,0.967315411698469,0.0186226862792249,0.0140619020223063,"Obama"
0.989424776953594,0.933699137766498,0.923825061126381,0.0655997158272135,0.0105752230464058,"Obama"
0.996071428383048,0.200086665184104,0.199300610390332,0.796770817992717,0.0039285716169517,NA
0.995483506144443,0.988834616856133,0.98436855138494,0.0111149547595026,0.00451649385555697,"Obama"
0.992095186980005,0.0387154875891243,0.0384094488987543,0.953685738081251,0.00790481301999479,NA
0.966366392299076,0.52081363112457,0.503296789770033,0.463069602529043,0.0336336077009241,"Obama"
0.993459697167665,0.96592320439139,0.959605774121891,0.0338539230457739,0.00654030283233498,"Obama"
0.999999997688954,0.974571312082929,0.97457130983065,0.025428687858304,2.31104635428636e-09,"Obama"
0.932213932681181,0.183408612236619,0.170976063700696,0.761237868980485,0.0677860673188191,NA
0.990989075790142,0.912879933094478,0.904654041204663,0.0863350345854786,0.00901092420985816,"Obama"
0.985469557130932,0.0397432029968677,0.039165716656288,0.946303840474644,0.014530442869068,NA
0.954373501818213,0.920913955078774,0.878895876181791,0.0754776256364226,0.0456264981817867,"Obama"
0.999999999221009,0.180826590712788,0.180826590571926,0.819173408649083,7.78991315897315e-10,NA
0.990068466552708,0.0449572237630283,0.0445107295915284,0.94555773696118,0.00993153344729159,NA
0.957067441619999,0.643281298278646,0.615663586385535,0.341403855234464,0.0429325583800009,"Obama"
0.94176306394464,0.906773375873165,0.853965672765736,0.0877973911789033,0.0582369360553604,"Obama"
0.999999992613119,0.866717299171788,0.866717292769451,0.133282699843668,7.38688099577445e-09,"Obama"
0.963039257056094,0.756922549425833,0.728946129648059,0.234093127408036,0.0369607429439057,"Obama"
0.994814630979181,0.880610418658326,0.876044128674005,0.118770502305176,0.00518536902081901,"Obama"
0.9964427687495,0.0392622976569508,0.0391226325847591,0.957320136164741,0.00355723125049967,NA
0.992920055118135,0.0232476825890824,0.0230830902777206,0.969836964840414,0.00707994488186525,NA
0.995999105089414,0.178012211053263,0.177300002904038,0.818699102185376,0.00400089491058631,NA
0.985600553030033,0.0637248898181354,0.0628072866465322,0.922793266383501,0.0143994469699671,NA
0.976177940073828,0.0153678800731319,0.0150017855130915,0.961176154560737,0.0238220599261718,NA
0.981739636042557,0.533102340497796,0.523367697733741,0.458371938308816,0.018260363957443,"Obama"
0.97019079628448,0.99667935978428,0.966969141709416,0.00322165457506353,0.0298092037155203,"Obama"
0.995714171371175,0.267931627036307,0.266783317998587,0.728930853372588,0.00428582862882498,NA
0.992154747562654,0.0589310237269548,0.0584686949694256,0.933686052593228,0.00784525243734635,NA
0.988648707982572,0.0482904490964013,0.0477422901070553,0.940906417875517,0.0113512920174276,NA
0.975477350873631,0.912712578898449,0.890330448572899,0.0851469023007318,0.0245226491263689,"Obama"
0.994433881274432,0.20403254386799,0.202896874504941,0.791537006769491,0.00556611872556811,NA
0.986706797833372,0.317280050253841,0.313062382402379,0.673644415430993,0.0132932021666275,NA
0.993075133246199,0.594278074229715,0.590162777750969,0.40291235549523,0.00692486675380144,"Obama"
0.990191872850305,0.963688715168862,0.95423673371776,0.0359551391325452,0.00980812714969526,"Obama"
0.979460040792946,0.112902721274779,0.11058370398543,0.868876336807516,0.0205399592070542,NA
0.88968124876436,0.334412098859297,0.29752017371505,0.59216107504931,0.11031875123564,NA
0.997463358014871,0.981146412596034,0.978657595412284,0.0188057626025869,0.00253664198512871,"Obama"
0.982149566120664,0.748827579193372,0.735460682003958,0.246688884116706,0.0178504338793363,"Obama"
0.987188371485704,0.9657282592464,0.953355707543177,0.033832663942527,0.0128116285142963,"Obama"
0.985600553030033,0.0637248898181354,0.0628072866465322,0.922793266383501,0.0143994469699671,NA
0.956702153877227,0.315772041899161,0.302099792619137,0.65460236125809,0.043297846122773,NA
0.995620457115531,0.16043826935059,0.159735623069659,0.835884834045872,0.00437954288446918,NA
0.99066644684805,0.0442532364161474,0.0438401964819115,0.946826250366139,0.00933355315194973,NA
0.976599360082586,0.568789718865561,0.555479675465661,0.421119684616925,0.0234006399174145,"Obama"
0.982791181560955,0.0798329113607422,0.0784590812836749,0.90433210027728,0.0172088184390449,NA
0.950486282554662,0.821633336567044,0.780951215696593,0.169535066858069,0.0495137174453377,"Obama"
0.990754116513776,0.276061909542224,0.273509473291613,0.717244643222163,0.0092458834862239,NA
0.951732301977139,0.483397673922714,0.460065180972859,0.49166712100428,0.0482676980228612,NA
0.999999994103194,0.927427541437988,0.927427535969127,0.0725724581340667,5.89680637652634e-09,"Obama"
0.97102406576517,0.583448914069283,0.566542936705829,0.404481129059341,0.0289759342348296,"Obama"
0.998863597315382,0.990028461183296,0.988903390182159,0.00996020713322335,0.00113640268461812,"Obama"
0.991361700379829,0.98130602065211,0.972829205226639,0.0185324951531896,0.00863829962017137,"Obama"
0.999999991215349,0.306702828084812,0.306702825390535,0.693297165824814,8.78465067355449e-09,NA
0.996469516041278,0.920747971085178,0.917497285143236,0.0789722308980417,0.00353048395872202,"Obama"
0.984567710821555,0.0513848719477526,0.0505918857444575,0.933975825077097,0.0154322891784452,NA
0.99518073363618,0.933261477605188,0.928763841957516,0.0664168916786635,0.00481926636382046,"Obama"
0.992641624950462,0.123897857075519,0.122986170175323,0.869655454775139,0.00735837504953818,NA
0.99648495103771,0.92744006308036,0.924180065849043,0.0723048851886663,0.00351504896229027,"Obama"
0.996539497985403,0.801955481184148,0.799180312625893,0.19735918535951,0.0034605020145968,"Obama"
0.73806527717069,0.491548869725335,0.362795152776769,0.375270124393921,0.26193472282931,NA
0.986960802643282,0.440949181453369,0.435199558052115,0.551761244591167,0.0130391973567182,NA
0.98726721058715,0.866416835004712,0.855384931900849,0.131882278686301,0.0127327894128499,"Obama"
0.972651504665251,0.118138995724734,0.114908071951304,0.857743432713946,0.027348495334749,NA
0.994927314600764,0.479094807462536,0.476664510227871,0.518262804372893,0.00507268539923633,NA
0.989948940289418,0.646595836640268,0.640096863277583,0.349852077011835,0.0100510597105822,"Obama"
0.989883916920235,0.964991159823638,0.955229229079623,0.0346546878406119,0.0101160830797649,"Obama"
0.992723094307255,0.941822486766446,0.934968933350941,0.0577541609563147,0.00727690569274453,"Obama"
0.993459697167665,0.96592320439139,0.959605774121891,0.0338539230457739,0.00654030283233498,"Obama"
0.999999999319495,0.0892904848575607,0.0892904847967981,0.910709514522697,6.80504652628144e-10,NA
0.992245552561571,0.744975803469991,0.739198927759081,0.25304662480249,0.00775444743842924,"Obama"
0.97750661954937,0.978605725788715,0.956593574887384,0.0209130446619854,0.0224933804506304,"Obama"
0.990676859624828,0.9713606643601,0.962304532531351,0.0283723270934776,0.00932314037517179,"Obama"
0.994641996394347,0.0344968838824081,0.0343120494541824,0.960329946940164,0.00535800360565319,NA
0.988530111010542,0.989901892378325,0.978547827562291,0.00998228344825074,0.0114698889894581,"Obama"
0.994431807188443,0.0414222445639617,0.0411915975195421,0.953240209668901,0.0055681928115574,NA
0.987864877766159,0.0196177067487225,0.0193796434793791,0.96848523428678,0.0121351222338412,NA
0.970675007179307,0.546754865049139,0.530721282556894,0.439953724622413,0.0293249928206935,"Obama"
0.980157657167795,0.799061763866761,0.78320650640401,0.196951150763785,0.0198423428322052,"Obama"
0.886816632170961,0.185486848830846,0.164492822592175,0.722323809578786,0.113183367829039,NA
0.99999999847045,0.0564554235706068,0.0564554234842554,0.943544574986194,1.52955048626779e-09,NA
0.991434907468903,0.206347834691215,0.204580446393493,0.78685446107541,0.00856509253109683,NA
0.858702402518494,0.213629738692691,0.183444369864811,0.675258032653682,0.141297597481506,NA
0.997278430466376,0.751171351083706,0.749126986020065,0.248151444446311,0.00272156953362401,"Obama"
0.965297405748322,0.809873970760913,0.781769242958602,0.18352816278972,0.0347025942516784,"Obama"
0.984897015402833,0.0583590199355092,0.0574776245563174,0.927419390846516,0.0151029845971669,NA
0.997912731218082,0.159466090274931,0.159133241682926,0.838779489535156,0.00208726878191756,NA
0.992652728812465,0.855209528808027,0.848926072477711,0.143726656334754,0.00734727118753498,"Obama"
0.974459852379793,0.555888385531229,0.541690914104402,0.43276893827539,0.0255401476202072,"Obama"
0.991618539604751,0.743607011047113,0.737374498334393,0.254244041270359,0.00838146039524856,"Obama"
0.999323084714255,0.777875034944382,0.777348479442829,0.221974605271426,0.000676915285745427,"Obama"
0.999999998586631,0.0585860990281555,0.0585860989453517,0.941413899641279,1.41336931047675e-09,NA
0.985144689447483,0.042868354455606,0.0422315317372926,0.94291315771019,0.0148553105525172,NA
0.991070722829721,0.87721073452759,0.869377876742249,0.121692846087472,0.00892927717027858,"Obama"
0.999999997280571,0.0206817212341994,0.0206817211779569,0.979318276102614,2.71942912632994e-09,NA
0.993707384506698,0.972910191268997,0.966788041525826,0.0269193429808718,0.00629261549330185,"Obama"
0.98000157962589,0.369308876035771,0.361923281884917,0.618078297740972,0.0199984203741105,NA
0.992475280416122,0.961706820044443,0.954470245901705,0.0380050345144164,0.00752471958387813,"Obama"
0.976950559548509,0.965607632505181,0.943350916880247,0.0335996426682617,0.0230494404514912,"Obama"
0.998588528447276,0.894858812704663,0.893595744946826,0.10499278350045,0.00141147155272447,"Obama"
0.996833895081028,0.036388485600638,0.0362732758373838,0.960560619243644,0.0031661049189724,NA
0.995955176652969,0.994955024120442,0.990930606809634,0.00502456984333526,0.00404482334703105,"Obama"
0.992209029015685,0.90745175784117,0.900381827526164,0.0918272014895207,0.00779097098431514,"Obama"
0.978414017112854,0.731804407216014,0.716007689805111,0.262406327307743,0.0215859828871461,"Obama"
0.988222622986825,0.0687720724895732,0.0679621178638861,0.920260505122939,0.0117773770131753,NA
0.937198776551267,0.772630095068747,0.724107979825119,0.213090796726148,0.0628012234487327,"Obama"
0.995048902931965,0.996594001627636,0.991659767988156,0.00338913494380907,0.00495109706803454,"Obama"
0.957959077356191,0.603922175447978,0.578532729987089,0.379426347369102,0.0420409226438085,"Obama"
0.98353695447863,0.766390704058416,0.753773579010348,0.229763375468282,0.01646304552137,"Obama"
0.993751830842876,0.846675373923996,0.841385202966547,0.152366627876328,0.00624816915712412,"Obama"
0.995357303732409,0.996251664534917,0.9916263706504,0.00373093308200916,0.00464269626759095,"Obama"
0.939080063994095,0.906364189076217,0.85114854067965,0.0879315233144455,0.0609199360059045,"Obama"
0.991493475677581,0.0150050969147773,0.0148774556929115,0.976616019984669,0.0085065243224195,NA
0.993648647544346,0.971732269262496,0.965560455127877,0.0280881924164685,0.0063513524556541,"Obama"
0.969461831792408,0.53493673331277,0.518600745370445,0.450861086421964,0.0305381682075916,"Obama"
0.989452070222649,0.967653303834755,0.957446564737084,0.0320055054855651,0.0105479297773509,"Obama"
0.994864722948997,0.0190387182143975,0.0189409491216706,0.975923773827326,0.00513527705100347,NA
0.988473287218899,0.965458991388485,0.954330422892819,0.0341428643260801,0.0115267127811014,"Obama"
0.951523577730778,0.421749144298156,0.401304254687476,0.550219323043302,0.048476422269222,NA
0.991854585419618,0.0873157607234998,0.0866045376530055,0.905250047766612,0.00814541458038209,NA
0.995005946954598,0.164440819020022,0.163619592847007,0.831386354107591,0.00499405304540235,NA
